66575
68488
68248
101979
103336
101961
139259
86762
139260
115766
121865
75870
125185
125186
11514
133990
133991
150182
150183
36093
36094
59279
59280
151492
151493
69448
69449
149685
69438
35475
69445
68199
69446
68196
111346
111345
69447
43357
43358
111637
29405
29404
44466
67577
43356
67578
29406
3226
29402
25528
67600
25529
67599
117304
1962
253
157037
18234
18232
157050
157054
157058
97750
49697
134623
134644
88933
49903
92550
29401
47393
48159
153463
28195
10788
48187
4504
91889
133241
101853
4507
11231
133982
130681
119053
9029
139254
79620
79621
