Vehicles using Bundesallee (total of 339)

Vehicle IDs:
389015901
315852001
361258101
232403901
323766501
435558001
89063001
223175601
256543501
114138901
265449401
344999001
216791801
361857201
191097101
177069301
256661601
231335701
440096401
373005901
421953301
399134701
192291201
156840001
314002901
195476001
193343901
234753501
285781601
250002101
288160001
206476801
232850901
264795701
293886401
184838601
259700001
301430401
210647501
415934601
322797601
430140301
431165801
15154301
420684601
234253701
308026801
341624301
317277901
275628501
364059001
279708101
284071601
242526901
461017101
357133201
321556801
292434601
250395301
211595901
257792901
227499401
449929801
282259701
223064301
215724701
191260401
freight_1938_berlin-105681_freight
257884901
196049301
277085301
417019101
318964801
137401901
439991901
229516601
424537301
248234601
375137701
183080501
325531001
357209001
408473701
326489201
397714801
434666401
414935701
377738101
81374001
37065401
247600201
322268501
393980801
212605201
289909601
207438301
414650501
447334201
445918301
362972801
254167601
444223101
36027401
380626801
44171901
95177101
186956501
freight_710_100059-berlin_freight
236946301
385976901
262343201
229387101
376029401
387021001
387756201
44211401
437157001
444893301
278109901
441952501
4686701
400698501
420443601
233251501
432718601
107532401
406860701
247354501
221955101
201742501
409137901
157511301
390179601
301438901
240155601
436669301
257253901
410157101
428419301
318862701
418723001
384398201
394426201
311776201
55780201
445568101
357967801
446987501
436718401
388903201
442978601
307644801
191864701
45044301
307312301
197199401
92161201
306071301
438806401
435906801
213215501
228515101
220795701
432042201
311328401
315834901
351811401
368691001
100017901
229739201
267454001
386378601
337597301
428463901
freight_444_87998-berlin_freight
296057501
195992301
421017301
225676801
320355301
422381801
361398501
259247901
328607501
243421801
208463501
383836101
150946601
437834101
229558201
268531201
427542201
303642401
184852401
190329801
449746901
189160601
316838701
237088101
370793501
364210501
292338401
289295501
252998001
446636701
215099001
485009001
194121501
337990901
422231501
366711701
419276801
257083601
339688901
363709101
308395801
176107001
366413901
437916601
394084701
229045501
317227801
309731701
439021601
361402001
330139601
325051301
436246701
239977701
192952401
208646201
186315001
333476701
384857501
299688501
273470701
234039901
414808601
253302801
476523301
253374101
217650301
265174801
184275901
263071201
311036401
24799101
210603401
228390101
383384501
356181701
173234301
348230501
97389001
106853601
289512801
271034501
248184101
293090601
405010301
267832401
325858101
442423901
411985101
216832701
369460501
442808201
211850801
220389301
178986701
347432001
192446001
421995501
354614301
178732401
411258101
247876301
295275401
81820101
183650701
418974201
365933501
336797801
435454901
389033101
196391501
54064901
175199601
74052901
388111301
4277101
414249601
317316601
367238601
413379801
345870701
296445701
197610401
205408701
313313101
405718001
377954601
365850001
190171501
71556901
384023501
225293401
424004501
240951601
265661001
436268801
26481501
246067801
319834001
359604101
407813201
414421101
154525301
150489301
438385801
179793501
277366301
280929101
204303101
191043801
265653401
251026701
193855501
250270201
402934701
214648301
388181701
404652301
191183701
393617001
389207201
329108401
221991001
407533401
