Vehicles using Bundesallee (total of 364)
389015901
315852001
435558001
361258101
232403901
323766501
114138901
252971401
231335701
223175601
89063001
256543501
265449401
344999001
216791801
361857201
freight_541_47076-berlin_freight
226938801
191097101
211850801
256661601
237786301
347432001
122709601
440096401
421953301
238579901
399134701
192291201
375405501
193930901
314002901
156840001
193343901
320714301
285781601
221539201
234753501
180870901
250002101
288160001
178732401
368691001
310360801
291201801
342157501
206476801
232850901
264795701
308395801
299688501
202555301
259700001
210647501
349009401
301430401
242526901
15154301
233350201
229651401
415934601
322797601
177069301
373005901
418723001
308026801
196391501
365640701
137401901
420684601
332030101
185093001
317277901
372719801
275628501
188894801
461017101
357133201
202778301
321556801
368741601
292434601
250395301
257792901
227499401
449929801
223064301
279245201
257884901
431165801
215724701
freight_1938_berlin-105681_freight
229516601
196049301
191260401
417019101
277085301
193646501
213215501
424537301
248234601
375137701
369927701
439991901
325531001
357209001
326489201
254728401
37065401
397714801
247600201
81374001
258222701
257238301
212605201
289909601
434666401
362972801
254167601
444223101
380626801
freight_837_100059-berlin_freight
393980801
95177101
44171901
408815001
407229901
223243201
262343201
441952501
385976901
376029401
234253701
437157001
freight_710_100059-berlin_freight
267021001
44211401
236946301
186956501
444893301
388793101
400698501
420443601
432718601
107532401
247354501
406860701
221955101
157511301
229615301
240155601
301438901
409137901
207438301
257253901
201742501
186624101
318862701
436669301
410157101
394426201
357967801
freight_484_47076-berlin_freight
435454901
55780201
446987501
45147801
262869001
436718401
311776201
442978601
191864701
307644801
45044301
307312301
197199401
438806401
92161201
428419301
388903201
311328401
227097401
432042201
315834901
331813801
100017901
258756001
45973101
229739201
337597301
296057501
176107001
400494301
382535801
428463901
387021001
195992301
218096101
435813701
320355301
422381801
303070801
445916401
392991701
361398501
freight_444_87998-berlin_freight
236597401
208463501
243421801
286246001
268531201
150946601
437834101
259247901
318719401
229558201
445918301
306071301
303642401
427542201
190329801
311479201
316838701
237088101
370793501
308628701
freight_387_37354-berlin_freight
186947101
195476001
485009001
289295501
252998001
194121501
184341001
339688901
257083601
419276801
216741401
449746901
394084701
366711701
437916601
363709101
446914301
180138801
229045501
439021601
309731701
408000701
325051301
293090601
258490401
436246701
380097401
366135201
317227801
192952401
322853101
186315001
333476701
277366301
414808601
476523301
253302801
44366801
263071201
37452401
217650301
280845401
442808201
328607501
24799101
363186301
210603401
228390101
311036401
175199601
10422001
173234301
348230501
97389001
362807401
271034501
408012301
267832401
405010301
106853601
339833201
325858101
442423901
447334201
184275901
216832701
369460501
361473801
182902101
356181701
178986701
284071601
354614301
359604101
220386201
265337001
384398201
365933501
421995501
295275401
418974201
183650701
389033101
54064901
248184101
388111301
414249601
74052901
345870701
204303101
296445701
205408701
367238601
240435201
411258101
317316601
377954601
365850001
372931501
116911201
71556901
190171501
184905901
55436101
421107601
419649501
265661001
268526301
436268801
240951601
424004501
319834001
347050501
225293401
246067801
154525301
150489301
407813201
414421101
179793501
246026201
438385801
280929101
237632601
250270201
402934701
214648301
26481501
393617001
404652301
435061001
191183701
329108401
291841101
389207201
221991001
407533401
