389015901
315852001
435558001
361258101
232403901
114138901
265449401
freight_541_47076-berlin_freight
226938801
191097101
211850801
256661601
347432001
440096401
421953301
399134701
192291201
375405501
314002901
156840001
285781601
221539201
234753501
291201801
206476801
232850901
264795701
308395801
299688501
210647501
349009401
301430401
242526901
415934601
177069301
373005901
418723001
308026801
196391501
365640701
137401901
420684601
317277901
275628501
461017101
357133201
321556801
292434601
257792901
223064301
279245201
431165801
215724701
freight_1938_berlin-105681_freight
229516601
196049301
191260401
417019101
277085301
248234601
375137701
439991901
325531001
326489201
254728401
37065401
397714801
247600201
258222701
257238301
212605201
289909601
434666401
362972801
254167601
freight_837_100059-berlin_freight
95177101
44171901
408815001
407229901
441952501
385976901
376029401
437157001
44211401
236946301
186956501
444893301
432718601
107532401
247354501
406860701
221955101
240155601
301438901
409137901
207438301
257253901
186624101
318862701
394426201
357967801
freight_484_47076-berlin_freight
435454901
436718401
311776201
191864701
307644801
45044301
307312301
428419301
432042201
315834901
100017901
229739201
337597301
296057501
176107001
428463901
387021001
218096101
320355301
422381801
361398501
208463501
286246001
150946601
437834101
259247901
229558201
445918301
303642401
427542201
190329801
316838701
237088101
370793501
186947101
195476001
485009001
289295501
252998001
194121501
184341001
257083601
419276801
449746901
394084701
366711701
437916601
363709101
446914301
180138801
309731701
408000701
325051301
293090601
436246701
380097401
317227801
192952401
322853101
186315001
277366301
414808601
253302801
263071201
217650301
442808201
328607501
363186301
311036401
175199601
173234301
348230501
97389001
271034501
405010301
325858101
442423901
447334201
361473801
356181701
178986701
359604101
220386201
384398201
365933501
421995501
183650701
389033101
388111301
414249601
74052901
345870701
204303101
205408701
367238601
411258101
317316601
365850001
421107601
265661001
436268801
240951601
424004501
225293401
154525301
150489301
179793501
246026201
438385801
237632601
402934701
214648301
26481501
404652301
435061001
329108401
221991001
407533401
