Vehicles using Bundesallee (total of 364)

Vehicle IDs:
389015901
315852001
361258101
232403901
323766501
89063001
223175601
256543501
114138901
265449401
193930901
226938801
237786301
191097101
242421501
177069301
256661601
231335701
347432001
440096401
421953301
399134701
314002901
192291201
156840001
375405501
195476001
320714301
285781601
435558001
180870901
250002101
288160001
249161301
291201801
361616601
206476801
232850901
293886401
373005901
184838601
259700001
349009401
301430401
210647501
15154301
415934601
205409601
448480601
322797601
225368701
431165801
418723001
308026801
365640701
449929801
373415701
317277901
242526901
364059001
275628501
420684601
279708101
284071601
264795701
461017101
221916801
357133201
193343901
321556801
292434601
285622901
250395301
257792901
227499401
282259701
215724701
223064301
229516601
freight_1938_berlin-105681_freight
196049301
318964801
257884901
388474201
277085301
417019101
191260401
248234601
424537301
183080501
243903901
137401901
375137701
212211901
325531001
439991901
357209001
449246201
408473701
368530901
397714801
37065401
234753501
301438901
354752001
434666401
326489201
257238301
81374001
322268501
212605201
247600201
393980801
289909601
207438301
447334201
362972801
414650501
445918301
254167601
380626801
44171901
408815001
385976901
324674301
328835701
376029401
freight_710_100059-berlin_freight
44211401
437157001
278109901
444893301
441952501
236946301
284180401
421017301
266189201
420443601
107532401
247354501
233251501
220795701
201742501
406860701
221955101
409137901
432718601
234409301
240155601
257253901
428419301
318862701
336797801
240708001
410157101
186624101
384398201
357967801
435454901
394426201
234253701
387756201
445568101
307312301
436718401
442978601
388903201
191864701
197199401
307644801
92161201
45044301
306071301
438806401
213215501
350212301
432042201
315834901
228515101
368691001
100017901
229739201
311328401
445916401
386378601
428463901
296057501
310532301
421995501
337597301
246899401
387021001
225676801
195992301
freight_444_87998-berlin_freight
343816001
320355301
311776201
268531201
361398501
208463501
259247901
286246001
150946601
437834101
243421801
435906801
229558201
427542201
303642401
449746901
316838701
237088101
370793501
364210501
292338401
289295501
252998001
446636701
194121501
485009001
337990901
422231501
257083601
419276801
339688901
309731701
366413901
267454001
308395801
176107001
394084701
363709101
437916601
223163701
317227801
225819801
330139601
229045501
439021601
367389001
215099001
258490401
239977701
192952401
339050201
436246701
361402001
333476701
322853101
328607501
384857501
348230501
273470701
234039901
253302801
414808601
217650301
441519501
253374101
366711701
263071201
210603401
363186301
24799101
383384501
311036401
356181701
175199601
228390101
173234301
408012301
289512801
97389001
106853601
271034501
248184101
293090601
186315001
267832401
325858101
442423901
411985101
275702301
216832701
143543401
369460501
442808201
211850801
440584701
178986701
365850001
182902101
178732401
368212201
365933501
265174801
367670701
184275901
247876301
275476101
378321401
301654401
183650701
388111301
54064901
196391501
389033101
74052901
345870701
4277101
204303101
197610401
418974201
296445701
205408701
240435201
411258101
313313101
384059801
409688701
377954601
328752701
405718001
372931501
384023501
377208901
71556901
367238601
154525301
55436101
424004501
240951601
311940301
265661001
436268801
26481501
308712401
319834001
246067801
150489301
359604101
407813201
414421101
438385801
179793501
277366301
392900701
265653401
280929101
191043801
251026701
193855501
250270201
402934701
214648301
429860801
404652301
191183701
393617001
291841101
329108401
221991001
407533401
