Vehicles using Bundesallee (total of 364)
389015901
315852001
256543501
361258101
freight_514_47076-berlin_freight
232403901
357967801
314570201
323766501
355475201
223175601
89063001
114138901
265449401
344999001
freight_541_47076-berlin_freight
361857201
386378601
216791801
191097101
226938801
383049601
347432001
231335701
373005901
256661601
440096401
421953301
156840001
399134701
250356401
192291201
314002901
320714301
285781601
234753501
456946901
250002101
288160001
193343901
206476801
232850901
308395801
264795701
259700001
293886401
184838601
349009401
210647501
322451001
233350201
415934601
15154301
360357201
431165801
219271401
365640701
234253701
420684601
373415701
317277901
393980801
357446201
322797601
275628501
364059001
307076801
284071601
461017101
357133201
184275901
242526901
321556801
292434601
250395301
257792901
177069301
227499401
449929801
183942801
416809001
257884901
215724701
229516601
37065401
freight_1938_berlin-105681_freight
198818501
223064301
191260401
279245201
196049301
318964801
417019101
277085301
248234601
193646501
439991901
402974601
183080501
289909601
212211901
449246201
254728401
326489201
408473701
397714801
347438901
81374001
247600201
377738101
414935701
434666401
311394101
257238301
258222701
357209001
414650501
201448401
254167601
380626801
95177101
44171901
freight_710_100059-berlin_freight
427865401
376029401
328835701
407229901
44211401
450767001
437157001
361060401
441952501
186956501
220386201
233251501
247354501
432718601
406860701
229387101
201742501
420443601
107532401
221955101
202916901
419276801
409137901
207438301
157511301
69826101
301438901
240155601
390179601
435906801
236946301
186624101
418723001
384398201
257253901
436669301
394426201
445568101
320355301
435454901
55780201
436718401
387756201
388903201
307644801
197199401
446987501
45044301
444893301
307312301
306071301
92161201
191864701
211048101
220795701
247264101
228515101
409582901
351868701
267454001
438806401
315834901
432042201
393739701
368691001
229739201
100017901
311328401
428463901
421995501
296057501
337597301
317227801
387021001
225676801
195992301
353734201
361398501
208463501
259247901
417334101
243421801
150946601
437834101
322853101
268531201
229558201
303642401
190329801
427542201
freight_444_87998-berlin_freight
311776201
189160601
424570001
237088101
316838701
364210501
370793501
235523001
289295501
248655501
252998001
485009001
194121501
149761401
361402001
339688901
337990901
366711701
193056301
176107001
394084701
437916601
257083601
29929401
309731701
283090801
408000701
228852701
439021601
366135201
408317201
373805501
215099001
229045501
436246701
55500401
192952401
208646201
380097401
229015601
328607501
186315001
300077301
384857501
299688501
428419301
273470701
210603401
414808601
217650301
476523301
333476701
318862701
253374101
228390101
24799101
365850001
173234301
356181701
363186301
415434501
348230501
271034501
97389001
368530901
335773301
248184101
408012301
293090601
361473801
325858101
405718001
263349501
442423901
216832701
198303401
275702301
369460501
442808201
211850801
220389301
178986701
313313101
192446001
182902101
137401901
178732401
368212201
325444901
258713601
247876301
310360801
365933501
307866001
418974201
183650701
196391501
388111301
389033101
175199601
74052901
317316601
414249601
296445701
219192301
197610401
240435201
205408701
411258101
367238601
449773901
409688701
328752701
413379801
190171501
71556901
407533401
384023501
223534301
55436101
424004501
240951601
436268801
230324701
308712401
26481501
359604101
154525301
407813201
204303101
150489301
265653401
179793501
280929101
237632601
250270201
438385801
193290801
251026701
402934701
277366301
214648301
393617001
429860801
404652301
435061001
291841101
329108401
414421101
221991001
