Vehicles using Bundesallee (total of 377)
315852001
414644601
234729501
318964801
208940801
306071301
361398501
347845301
198895301
282355101
177069301
15494301
290390601
350127001
409921101
218364401
24799101
247745201
224018501
288873401
29505701
31156401
191944601
310607701
327474501
314740001
257667701
freight_420_87998-berlin_freight
370637601
417019101
427450101
308319701
278385101
430238001
242625401
328774701
446442601
204022701
321317801
435906801
428878601
176587001
414650501
freight_1270_89980-berlin_freight
74066901
321378001
183942801
freight_1810_berlin-119310_freight
235129001
33461201
364225801
247523601
212605201
223534301
211540801
387639301
31397901
408402201
409582901
225007701
freight_458_87998-berlin_freight
269545801
187319101
338625901
186684601
259392901
321961301
416487801
304705501
190985301
198923101
314052401
237753801
439096301
399792501
142985601
440377601
106253601
185598701
284071601
359262001
424537301
221923301
254728401
342625701
415266601
366675801
377738101
283192801
414342701
182632301
435098601
283432801
12887301
447589001
freight_686_100059-berlin_freight
262343201
247020501
237121001
freight_241_57921-berlin_freight
369227901
415934601
95177101
438965201
292512501
411850601
325355301
420139401
446947301
266049201
417549201
447334201
358085301
freight_293_57921-berlin_freight
394585801
185260601
250774401
409571701
272331101
203255301
freight_1788_berlin-119310_freight
20657001
334433601
382621301
210217701
446969401
362972801
328206101
388292801
405468301
349012601
226231501
211054401
360526201
395072701
237155301
438315601
440690101
421080501
413218601
363396901
193090801
193538901
185093001
448464301
421710801
283237601
201742501
428777501
322449601
217942101
432775901
305689101
445121301
172283801
freight_752_100059-berlin_freight
192446001
396249001
206252801
338650401
410157101
26578701
freight_2598_berlin-130736_freight
419339001
307417101
229615301
386371101
199731401
freight_347_119942-berlin_freight
108419001
178062201
194084601
370845201
279179901
419279101
264082601
375898701
393739701
272960201
302685001
227064301
379089401
361546001
185295601
280929101
449758001
192183801
205400601
220194401
414935701
92161201
freight_200_57921-berlin_freight
272302601
389596601
344753101
213718901
416042301
437034501
414808601
441490301
369391801
207409601
448272701
367817701
407774801
411076001
420443601
438074901
199742801
386104401
435641401
266993101
191864701
396736201
257083601
406860701
418509801
367954601
94961301
407120401
450857001
186608601
441926001
296849701
393338801
258055301
184852401
399730001
198835501
302026001
272741901
freight_295_57921-berlin_freight
424776601
freight_193_57921-berlin_freight
399328801
153111301
416082701
430148801
192170001
262869001
409470901
298911501
435039901
276010201
261543801
307035801
343095801
412036001
410077001
407258901
254275401
433322301
235043101
297893601
freight_513_47076-berlin_freight
385976901
354677001
251117901
412642101
389716501
317227801
274872901
265430301
321926001
399282001
175091501
51589001
436718401
freight_2223_berlin-87997_freight
413184201
66616801
214817201
198002901
freight_2152_berlin-37355_freight
254384001
29445101
205000001
305727101
273470701
235118701
185364701
217782401
247059201
265174801
254325501
323897001
403857101
89063001
14156201
386014401
266017901
298719001
274932201
95030601
434091701
449167501
415434501
445503701
79211601
427254601
345273601
241904501
436669301
118836201
270899601
173108701
446546601
242128201
388111301
210135201
340785301
430610801
219192301
260714201
384023501
381469401
303908801
418974201
200761301
193451201
239029201
396234601
274422701
415416301
195673001
384053501
449181101
120978001
425807001
414421101
399134701
226296201
488456301
250473601
319081401
184114101
388130201
191377701
209791101
288702001
100017901
424004501
387915401
411029601
216832701
386254701
226224701
215174001
365309701
369460501
201992701
377954601
272285601
224309401
freight_2102_berlin-105681_freight
418802501
263635101
213075201
420897901
198404601
213688201
411359701
304657301
436268801
436615701
250270201
193855501
392816801
268405701
179493001
412455501
77794101
438715701
291841101
385078501
281212201
448611101
