315852001
414644601
234729501
208940801
274422701
318964801
281212201
306071301
24799101
347845301
15494301
282355101
439096301
31156401
204022701
290390601
361398501
409921101
218364401
29505701
242128201
314740001
74066901
350127001
12887301
177069301
417019101
freight_420_87998-berlin_freight
427450101
303908801
freight_1270_89980-berlin_freight
242625401
216832701
440377601
428878601
435906801
176587001
33461201
235129001
183942801
freight_1810_berlin-119310_freight
247523601
387639301
212605201
211540801
freight_458_87998-berlin_freight
321961301
408402201
186684601
394585801
325355301
416487801
367954601
241904501
304705501
314052401
198923101
142985601
106253601
237753801
283192801
206252801
250774401
284071601
409582901
254728401
221923301
366675801
370637601
420443601
20657001
414342701
393338801
182632301
435098601
freight_686_100059-berlin_freight
262343201
185598701
266049201
95177101
415934601
369227901
438965201
259392901
210135201
227064301
247020501
379089401
420139401
446947301
358085301
447334201
185260601
382621301
414650501
302026001
272331101
freight_1788_berlin-119310_freight
203255301
446969401
334433601
395072701
362972801
388292801
237155301
193090801
210217701
349012601
272960201
363396901
413218601
328206101
193538901
192446001
322449601
448464301
305689101
428777501
217942101
432775901
185093001
445121301
172283801
338650401
430238001
421710801
419339001
410157101
26578701
396249001
307417101
freight_2598_berlin-130736_freight
229615301
279179901
freight_347_119942-berlin_freight
199731401
201742501
377738101
264082601
449758001
108419001
185295601
280929101
437034501
192183801
292512501
100017901
freight_200_57921-berlin_freight
413184201
213718901
416042301
207409601
407774801
367817701
94961301
411076001
435641401
386104401
283237601
448272701
266993101
406860701
396736201
257083601
186608601
296849701
399282001
424776601
411850601
441926001
321317801
430610801
184852401
399730001
430148801
freight_295_57921-berlin_freight
198835501
409470901
435039901
298911501
262869001
310607701
192170001
416082701
354677001
407258901
412036001
410077001
433322301
261543801
297893601
251117901
307035801
389716501
276010201
265430301
235043101
freight_2223_berlin-87997_freight
321926001
415266601
424004501
446442601
153111301
436718401
66616801
29445101
305727101
freight_2152_berlin-37355_freight
449167501
265174801
345273601
51589001
386014401
323897001
247059201
14156201
89063001
217782401
274932201
95030601
79211601
445503701
415434501
224309401
436669301
118836201
388130201
270899601
427254601
403857101
446546601
195673001
173108701
260714201
388111301
200761301
418974201
399134701
396234601
191944601
190985301
488456301
31397901
120978001
449181101
414421101
384053501
184114101
425807001
209791101
263635101
377954601
191377701
407120401
411029601
215174001
387915401
421080501
369460501
365309701
freight_2102_berlin-105681_freight
213075201
418802501
213688201
304657301
411359701
179493001
436268801
250270201
193855501
291841101
448611101
