Vehicles using Bundesallee (total of 419)
315852001
414644601
234729501
208940801
freight_514_47076-berlin_freight
274422701
318964801
281212201
306071301
24799101
106227501
347845301
freight_1130_87464-berlin_freight
15494301
282355101
439096301
172819001
114892601
187458301
31156401
204022701
290390601
361398501
409921101
327608201
218364401
310223701
351506501
29505701
4567801
242128201
314740001
331045101
freight_2268_berlin-142698_freight
74066901
288836601
350127001
210647501
15154301
12887301
177069301
417019101
339833201
freight_420_87998-berlin_freight
427450101
303908801
freight_1270_89980-berlin_freight
199949401
242625401
216832701
235346101
440377601
428878601
435906801
176587001
33461201
235129001
183942801
freight_1810_berlin-119310_freight
296415401
247523601
296445701
387639301
212605201
211540801
168751001
freight_458_87998-berlin_freight
230799601
321961301
408402201
freight_492_47076-berlin_freight
401373601
186684601
229045501
394585801
325355301
255279801
416487801
367954601
241904501
304705501
314052401
219535201
198923101
142985601
106253601
237753801
407229901
264609101
283192801
206252801
224056901
250774401
284071601
409582901
254728401
425728801
221923301
366675801
243918601
370637601
420443601
20657001
237774101
freight_1569_berlin-143046_freight
294976701
414342701
431126401
393338801
284352601
182632301
435098601
freight_686_100059-berlin_freight
409137901
81374001
284180401
262343201
351003901
185598701
266049201
95177101
437476001
410773001
415934601
369227901
438965201
259392901
210135201
293060601
227064301
247020501
379089401
420139401
freight_880_100059-berlin_freight
325444901
446947301
358085301
447334201
380626801
185260601
61627901
297184701
382621301
414650501
181273401
302026001
272331101
397125901
freight_1788_berlin-119310_freight
225609101
203255301
218695001
446969401
197387301
334433601
395072701
362972801
388292801
199702201
237155301
193090801
210217701
349012601
383489501
272960201
363396901
413218601
328206101
193538901
50123001
192446001
322449601
448464301
305689101
428777501
217942101
432775901
185093001
445121301
317849501
172283801
338650401
430238001
55287901
399709201
183105001
421710801
419339001
157511301
410157101
26578701
396249001
307417101
441753101
freight_2598_berlin-130736_freight
229615301
279179901
freight_347_119942-berlin_freight
199731401
201742501
377738101
freight_2601_berlin-130736_freight
255829301
264082601
449758001
393980801
108419001
320355301
438806401
373090501
371367001
449773901
185295601
280929101
204859001
437034501
192183801
199485101
292512501
100017901
398277001
223071901
freight_200_57921-berlin_freight
413184201
309731701
208499301
213718901
416042301
411313101
207409601
407774801
418204601
288029201
406206901
freight_444_87998-berlin_freight
367817701
443173301
94961301
411076001
440039001
435641401
432185501
420405901
386104401
283237601
448272701
151499101
266993101
406860701
396736201
257083601
186608601
217505901
407163401
296849701
198723801
399282001
424776601
411850601
441926001
321317801
430610801
351206301
184852401
303092101
399730001
438833701
438404801
430148801
freight_295_57921-berlin_freight
189341501
198835501
409470901
308628701
414866501
435039901
298911501
262869001
326837901
310607701
192170001
416082701
178986701
354677001
407258901
332647001
301461801
412036001
410077001
318583501
433322301
261543801
199257001
297893601
251117901
307035801
389716501
276010201
265430301
235043101
174297901
318719401
361857201
freight_2223_berlin-87997_freight
321926001
415266601
424004501
446442601
153111301
436718401
66616801
29445101
373771301
305727101
freight_2152_berlin-37355_freight
449167501
265174801
259710301
345273601
51589001
386014401
323897001
247059201
374167301
392822601
14156201
89063001
217782401
274932201
95030601
79211601
243421801
416331101
445503701
357408001
415434501
208618601
224309401
436669301
200723401
118836201
137587101
388130201
270899601
427254601
403857101
446546601
196240701
393413501
195673001
173108701
246067801
260714201
388111301
421629601
200761301
313697801
418974201
399134701
396234601
380305101
191944601
248184101
190985301
52632601
251026701
488456301
31397901
213096201
120978001
421956701
449181101
429869101
267293801
45571401
166492301
324723501
414421101
384053501
100470001
184114101
243785001
329531301
425807001
209791101
263635101
377954601
191377701
356994801
378717101
401105901
442088701
244993101
407120401
411029601
215174001
387915401
421080501
369460501
365309701
freight_2102_berlin-105681_freight
192291201
213075201
418802501
418036501
384876401
213688201
304657301
411359701
179493001
314387801
436268801
250270201
193855501
348387101
191183701
291841101
407533401
448611101
