freight_514_47076-berlin_freight
106227501
freight_1130_87464-berlin_freight
172819001
114892601
187458301
327608201
310223701
351506501
4567801
331045101
freight_2268_berlin-142698_freight
288836601
210647501
15154301
339833201
199949401
235346101
296415401
296445701
168751001
230799601
freight_492_47076-berlin_freight
401373601
229045501
255279801
219535201
407229901
264609101
224056901
425728801
243918601
237774101
freight_1569_berlin-143046_freight
294976701
431126401
284352601
409137901
81374001
284180401
351003901
437476001
410773001
293060601
freight_880_100059-berlin_freight
325444901
380626801
61627901
297184701
181273401
397125901
225609101
218695001
197387301
199702201
383489501
50123001
317849501
55287901
399709201
183105001
157511301
441753101
freight_2601_berlin-130736_freight
255829301
393980801
320355301
438806401
373090501
371367001
449773901
204859001
199485101
398277001
223071901
309731701
208499301
411313101
418204601
288029201
406206901
freight_444_87998-berlin_freight
443173301
440039001
432185501
420405901
151499101
217505901
407163401
198723801
351206301
303092101
438833701
438404801
189341501
308628701
414866501
326837901
178986701
332647001
301461801
318583501
199257001
174297901
318719401
361857201
373771301
259710301
374167301
392822601
243421801
416331101
357408001
208618601
200723401
137587101
196240701
393413501
246067801
421629601
313697801
380305101
248184101
52632601
251026701
213096201
421956701
429869101
267293801
45571401
166492301
324723501
100470001
243785001
329531301
356994801
378717101
401105901
442088701
244993101
192291201
418036501
384876401
314387801
348387101
191183701
407533401
